LAYER base sketch
VISIBLE T
IMAGE baseSketch.jpg
0,0 600,600 0.2
END
LAYER dirt
VISIBLE T
BEZIERCURVE #000000 1 341,600 341,539 489,419 600,475 END
END
LAYER christmas tree
VISIBLE T
BEZIERCURVE #000000 1 394,534 396,568 384,560 379,568 END
BEZIERCURVE #000000 1 390,583 394,572 386,570 379,568 END
BEZIERCURVE #000000 1 390,583 389,582 407,563 420,581 END
BEZIERCURVE #000000 1 420,581 409,569 401,570 390,583 END
BEZIERCURVE #000000 1 420,581 420,563 430,559 437,562 END
BEZIERCURVE #000000 1 447,547 436,544 430,559 437,562 END
BEZIERCURVE #000000 1 447,547 438,546 441,541 440,538 END
BEZIERCURVE #000000 1 403,528 421,538 430,542 440,538 END
BEZIERCURVE #000000 1 403,528 403,527 403,531 394,534 END
BEZIERCURVE #000000 1 394,534 380,528 409,506 403,528 END
BEZIERCURVE #000000 1 395,600 397,587 402,588 400,576 END
BEZIERCURVE #000000 1 395,600 396,595 402,590 414,600 END
BEZIERCURVE #000000 1 434,593 420,583 406,614 414,600 END
BEZIERCURVE #000000 1 434,593 440,579 456,578 452,581 END
BEZIERCURVE #000000 1 452,581 452,569 460,570 459,563 END
BEZIERCURVE #000000 1 441,552 448,562 448,562 459,563 END
BEZIERCURVE #000000 1 454,574 472,582 467,578 482,575 END
BEZIERCURVE #000000 1 479,600 477,606 467,578 482,575 END
BEZIERCURVE #000000 1 399,533 400,560 400,530 397,561 END
BEZIERCURVE #000000 1 399,533 405,551 402,528 408,558 END
BEZIERCURVE #000000 1 399,533 414,547 415,544 427,546 END
BEZIERCURVE #000000 1 410,573 414,596 412,582 412,594 END
BEZIERCURVE #000000 1 425,566 426,575 426,575 432,578 END
BEZIERCURVE #000000 1 435,563 445,570 438,566 449,570 END
BEZIERCURVE #000000 1 452,584 472,598 453,587 477,600 END
BEZIERCURVE #000000 1 438,591 436,608 480,612 436,600 END
END
LAYER star
VISIBLE T
BEZIERCURVE #000000 1 50,19 49,49 58,42 68,44 END
BEZIERCURVE #000000 1 52,79 47,67 58,42 68,44 END
BEZIERCURVE #000000 1 50,19 52,34 33,52 29,46 END
BEZIERCURVE #000000 1 52,79 55,46 33,52 29,46 END
BEZIERCURVE #000000 1 67,77 65,90 69,89 74,90 END
BEZIERCURVE #000000 1 66,109 65,90 69,89 74,90 END
BEZIERCURVE #000000 1 67,77 64,84 63,89 56,91 END
BEZIERCURVE #000000 1 66,109 65,90 63,89 56,91 END
BEZIERCURVE #000000 1 551,15 548,22 531,40 550,50 END
BEZIERCURVE #000000 1 522,63 522,67 531,42 550,50 END
BEZIERCURVE #000000 1 551,15 533,37 520,31 518,32 END
BEZIERCURVE #000000 1 522,63 531,42 520,31 518,32 END
BEZIERCURVE #000000 1 517,154 517,156 503,172 518,176 END
BEZIERCURVE #000000 1 498,192 498,182 511,173 518,176 END
BEZIERCURVE #000000 1 517,154 504,172 505,167 494,168 END
BEZIERCURVE #000000 1 498,192 499,191 503,172 494,168 END
END
LAYER santa
VISIBLE T
BEZIERCURVE #000000 1 37,499 45,459 77,462 82,466 END
BEZIERCURVE #000000 1 37,499 50,504 73,494 82,466 END
BEZIERCURVE #000000 1 86,514 88,495 86,487 82,466 END
BEZIERCURVE #000000 1 37,499 51,514 66,519 86,514 END
BEZIERCURVE #000000 1 82,466 90,453 65,437 38,463 END
BEZIERCURVE #000000 1 38,463 15,496 26,508 41,502 END
BEZIERCURVE #000000 1 66,449 32,413 0,488 20,507 END
BEZIERCURVE #000000 1 20,507 23,502 29,500 32,506 END
BEZIERCURVE #000000 1 20,507 12,517 26,520 32,506 END
BEZIERCURVE #000000 1 63,475 63,474 70,474 68,482 END
BEZIERCURVE #000000 1 63,475 62,481 62,481 68,482 END
BEZIERCURVE #000000 1 50,487 52,487 56,488 55,492 END
BEZIERCURVE #000000 1 50,487 48,493 52,494 55,492 END
BEZIERCURVE #000000 1 54,512 45,529 41,536 50,556 END
BEZIERCURVE #000000 1 54,512 53,532 55,534 60,542 END
BEZIERCURVE #000000 1 60,542 59,551 60,553 50,556 END
BEZIERCURVE #000000 1 61,541 79,531 92,523 113,501 END
BEZIERCURVE #000000 1 61,541 62,554 61,545 65,549 116,522 119,509 END
BEZIERCURVE #000000 1 113,501 118,506 119,504 119,509 END
BEZIERCURVE #000000 1 87,487 82,485 108,490 113,501 END
BEZIERCURVE #000000 1 87,486 103,483 106,485 125,492 END
BEZIERCURVE #000000 1 115,501 114,503 119,503 125,501 END
BEZIERCURVE #000000 1 125,501 122,498 122,494 125,492 138,500 125,501 END
BEZIERCURVE #000000 1 50,556 46,568 67,560 57,553 END
BEZIERCURVE #000000 1 63,547 83,574 94,560 95,557 100,550 95,535 END
BEZIERCURVE #000000 1 95,535 104,549 114,546 114,545 END
BEZIERCURVE #000000 1 120,510 123,514 127,522 126,532 END
BEZIERCURVE #000000 1 126,532 117,538 115,542 114,545 END
BEZIERCURVE #000000 1 126,532 146,525 119,563 114,545 END
BEZIERCURVE #000000 1 97,555 120,552 72,593 88,563 END
BEZIERCURVE #000000 1 81,520 81,516 87,516 87,519 83,524 81,520 END
END
